0;0;0.0000000000000000
0;1;-1.0000000000000000
0;2;0.0000000000000000
0;3;0.0000000000000000
0;4;-0.3250575836718332
0;5;-0.6279630301996824
0;6;-0.6279630301994096
0;7;-0.3250575836719048
1;0;-1.0000000000000000
1;1;0.0000000000000000
1;2;-1.0000000000000000
1;3;0.0000000000000000
1;4;0.0000000000000000
1;5;0.0000000000000000
1;6;0.0000000000000000
1;7;0.0000000000000000
2;0;0.0000000000000000
2;1;-1.0000000000000000
2;2;0.0000000000000000
2;3;-1.0000000000000000
2;4;0.0000000000000000
2;5;0.0000000000000000
2;6;0.0000000000000000
2;7;0.0000000000000000
3;0;0.0000000000000000
3;1;0.0000000000000000
3;2;-1.0000000000000000
3;3;0.0000000000000000
3;4;-0.3250575836718859
3;5;0.6279630301994115
3;6;-0.6279630301997019
3;7;0.3250575836718462
4;0;-0.3250575836718332
4;1;0.0000000000000000
4;2;0.0000000000000000
4;3;-0.3250575836718859
4;4;1.6051717155225118
4;5;0.0000000000000612
4;6;0.1691019787257724
4;7;-0.0000000000001310
5;0;-0.6279630301996824
5;1;0.0000000000000000
5;2;0.0000000000000000
5;3;0.6279630301994115
5;4;0.0000000000000613
5;5;0.6051717155225443
5;6;-0.0000000000002127
5;7;-0.1691019787257224
6;0;-0.6279630301994096
6;1;0.0000000000000000
6;2;0.0000000000000000
6;3;-0.6279630301997019
6;4;0.1691019787257723
6;5;-0.0000000000002127
6;6;-0.6051717155225387
6;7;0.0000000000000993
7;0;-0.3250575836719048
7;1;0.0000000000000000
7;2;0.0000000000000000
7;3;0.3250575836718462
7;4;-0.0000000000001310
7;5;-0.1691019787257225
7;6;0.0000000000000993
7;7;-1.6051717155225427
