0;0;0;0;0.2249860218522054
0;0;0;1;0.1795854825548196
0;0;0;2;0.2470459980924190
0;0;0;3;-0.0837803241398626
0;0;1;0;0.1795854825548196
0;0;1;1;0.1433464411652794
0;0;1;2;0.1971939163838734
0;0;1;3;-0.0668740653992276
0;0;2;0;0.2470459980924190
0;0;2;1;0.1971939163838734
0;0;2;2;0.2712689644940324
0;0;2;3;-0.0919950209672810
0;0;3;0;-0.0837803241398626
0;0;3;1;-0.0668740653992276
0;0;3;2;-0.0919950209672810
0;0;3;3;0.0311981280223328
0;1;0;0;0.1795854825548196
0;1;0;1;0.4077423030089770
0;1;0;2;0.1859401064408610
0;1;0;3;0.4666813986541152
0;1;1;0;0.1433464411652794
0;1;1;1;0.2199415262297400
0;1;1;2;0.0032587533443184
0;1;1;3;0.4217363767702844
0;1;2;0;0.1971939163838734
0;1;2;1;0.4522130478078632
0;1;2;2;0.2103502393008162
0;1;2;3;0.5103443629697187
0;1;3;0;-0.0668740653992276
0;1;3;1;-0.3647790621695988
0;1;3;2;-0.3621758044999990
0;1;3;3;-0.0744401534322704
0;2;0;0;0.2470459980924190
0;2;0;1;0.1859401064408610
0;2;0;2;0.2717479744049678
0;2;0;3;-0.1147054058599986
0;2;1;0;0.1971939163838734
0;2;1;1;0.0032587533443184
0;2;1;2;0.2230898393529504
0;2;1;3;-0.0936540386463336
0;2;2;0;0.2712689644940324
0;2;2;1;0.2103502393008162
0;2;2;2;0.2981299916923674
0;2;2;3;-0.1258631333686990
0;2;3;0;-0.0919950209672810
0;2;3;1;-0.3621758044999990
0;2;3;2;-0.0887249721748054
0;2;3;3;0.0384855659406552
0;3;0;0;-0.0837803241398626
0;3;0;1;0.4666813986541152
0;3;0;2;-0.1147054058599986
0;3;0;3;1.1079223673353999
0;3;1;0;-0.0668740653992276
0;3;1;1;0.4217363767702844
0;3;1;2;-0.0936540386463336
0;3;1;3;0.9836944358218070
0;3;2;0;-0.0919950209672810
0;3;2;1;0.5103443629697187
0;3;2;2;-0.1258631333686990
0;3;2;3;1.2123261840801751
0;3;3;0;0.0311981280223328
0;3;3;1;-0.0744401534322704
0;3;3;2;0.0384855659406552
0;3;3;3;-0.2120929192617224
1;0;0;0;0.1795854825548196
1;0;0;1;0.1433464411652794
1;0;0;2;0.1971939163838734
1;0;0;3;-0.0668740653992276
1;0;1;0;0.4077423030089770
1;0;1;1;0.2199415262297400
1;0;1;2;0.4522130478078632
1;0;1;3;-0.3647790621695988
1;0;2;0;0.1859401064408610
1;0;2;1;0.0032587533443184
1;0;2;2;0.2103502393008162
1;0;2;3;-0.3621758044999990
1;0;3;0;0.4666813986541152
1;0;3;1;0.4217363767702844
1;0;3;2;0.5103443629697187
1;0;3;3;-0.0744401534322704
1;1;0;0;0.1433464411652794
1;1;0;1;0.2199415262297400
1;1;0;2;0.0032587533443184
1;1;0;3;0.4217363767702844
1;1;1;0;0.2199415262297400
1;1;1;1;0.3374640804963658
1;1;1;2;0.2346155171671214
1;1;1;3;0.2448255666965724
1;1;2;0;0.0032587533443184
1;1;2;1;0.2346155171671214
1;1;2;2;0.1631119994004476
1;1;2;3;0.1702103431623398
1;1;3;0;0.4217363767702844
1;1;3;1;0.2448255666965724
1;1;3;2;0.1702103431623398
1;1;3;3;0.1776175942047952
1;2;0;0;0.1971939163838734
1;2;0;1;0.0032587533443184
1;2;0;2;0.2230898393529504
1;2;0;3;-0.0936540386463336
1;2;1;0;0.4522130478078632
1;2;1;1;0.2346155171671214
1;2;1;2;0.5019304784824188
1;2;1;3;-0.4233600226463314
1;2;2;0;0.2103502393008162
1;2;2;1;0.1631119994004476
1;2;2;2;0.2311791000942882
1;2;2;3;-0.4172371279580576
1;2;3;0;0.5103443629697187
1;2;3;1;0.1702103431623398
1;2;3;2;0.5704779682869168
1;2;3;3;-0.0918283119903650
1;3;0;0;-0.0668740653992276
1;3;0;1;0.4217363767702844
1;3;0;2;-0.0936540386463336
1;3;0;3;0.9836944358218070
1;3;1;0;-0.3647790621695988
1;3;1;1;0.2448255666965724
1;3;1;2;-0.4233600226463314
1;3;1;3;1.2174834838129021
1;3;2;0;-0.3621758044999990
1;3;2;1;0.1702103431623398
1;3;2;2;-0.4172371279580576
1;3;2;3;1.0617459412624839
1;3;3;0;-0.0744401534322704
1;3;3;1;0.1776175942047952
1;3;3;2;-0.0918283119903650
1;3;3;3;0.5060633586873848
2;0;0;0;0.2470459980924190
2;0;0;1;0.1971939163838734
2;0;0;2;0.2712689644940324
2;0;0;3;-0.0919950209672810
2;0;1;0;0.1859401064408610
2;0;1;1;0.0032587533443184
2;0;1;2;0.2103502393008162
2;0;1;3;-0.3621758044999990
2;0;2;0;0.2717479744049678
2;0;2;1;0.2230898393529504
2;0;2;2;0.2981299916923674
2;0;2;3;-0.0887249721748054
2;0;3;0;-0.1147054058599986
2;0;3;1;-0.0936540386463336
2;0;3;2;-0.1258631333686990
2;0;3;3;0.0384855659406552
2;1;0;0;0.1971939163838734
2;1;0;1;0.4522130478078632
2;1;0;2;0.2103502393008162
2;1;0;3;0.5103443629697187
2;1;1;0;0.0032587533443184
2;1;1;1;0.2346155171671214
2;1;1;2;0.1631119994004476
2;1;1;3;0.1702103431623398
2;1;2;0;0.2230898393529504
2;1;2;1;0.5019304784824188
2;1;2;2;0.2311791000942882
2;1;2;3;0.5704779682869168
2;1;3;0;-0.0936540386463336
2;1;3;1;-0.4233600226463314
2;1;3;2;-0.4172371279580576
2;1;3;3;-0.0918283119903650
2;2;0;0;0.2712689644940324
2;2;0;1;0.2103502393008162
2;2;0;2;0.2981299916923674
2;2;0;3;-0.1258631333686990
2;2;1;0;0.2103502393008162
2;2;1;1;0.1631119994004476
2;2;1;2;0.2311791000942882
2;2;1;3;-0.4172371279580576
2;2;2;0;0.2981299916923674
2;2;2;1;0.2311791000942882
2;2;2;2;0.3276507952624502
2;2;2;3;-0.1247208961259362
2;2;3;0;-0.1258631333686990
2;2;3;1;-0.4172371279580576
2;2;3;2;-0.1247208961259362
2;2;3;3;0.0474752454606334
2;3;0;0;-0.0919950209672810
2;3;0;1;0.5103443629697187
2;3;0;2;-0.1258631333686990
2;3;0;3;1.2123261840801751
2;3;1;0;-0.3621758044999990
2;3;1;1;0.1702103431623398
2;3;1;2;-0.4172371279580576
2;3;1;3;1.0617459412624839
2;3;2;0;-0.0887249721748054
2;3;2;1;0.5704779682869168
2;3;2;2;-0.1247208961259362
2;3;2;3;1.3271917657028542
2;3;3;0;0.0384855659406552
2;3;3;1;-0.0918283119903650
2;3;3;2;0.0474752454606334
2;3;3;3;-0.2616348014198170
3;0;0;0;-0.0837803241398626
3;0;0;1;-0.0668740653992276
3;0;0;2;-0.0919950209672810
3;0;0;3;0.0311981280223328
3;0;1;0;0.4666813986541152
3;0;1;1;0.4217363767702844
3;0;1;2;0.5103443629697187
3;0;1;3;-0.0744401534322704
3;0;2;0;-0.1147054058599986
3;0;2;1;-0.0936540386463336
3;0;2;2;-0.1258631333686990
3;0;2;3;0.0384855659406552
3;0;3;0;1.1079223673353999
3;0;3;1;0.9836944358218070
3;0;3;2;1.2123261840801751
3;0;3;3;-0.2120929192617224
3;1;0;0;-0.0668740653992276
3;1;0;1;-0.3647790621695988
3;1;0;2;-0.3621758044999990
3;1;0;3;-0.0744401534322704
3;1;1;0;0.4217363767702844
3;1;1;1;0.2448255666965724
3;1;1;2;0.1702103431623398
3;1;1;3;0.1776175942047952
3;1;2;0;-0.0936540386463336
3;1;2;1;-0.4233600226463314
3;1;2;2;-0.4172371279580576
3;1;2;3;-0.0918283119903650
3;1;3;0;0.9836944358218070
3;1;3;1;1.2174834838129021
3;1;3;2;1.0617459412624839
3;1;3;3;0.5060633586873848
3;2;0;0;-0.0919950209672810
3;2;0;1;-0.3621758044999990
3;2;0;2;-0.0887249721748054
3;2;0;3;0.0384855659406552
3;2;1;0;0.5103443629697187
3;2;1;1;0.1702103431623398
3;2;1;2;0.5704779682869168
3;2;1;3;-0.0918283119903650
3;2;2;0;-0.1258631333686990
3;2;2;1;-0.4172371279580576
3;2;2;2;-0.1247208961259362
3;2;2;3;0.0474752454606334
3;2;3;0;1.2123261840801751
3;2;3;1;1.0617459412624839
3;2;3;2;1.3271917657028542
3;2;3;3;-0.2616348014198170
3;3;0;0;0.0311981280223328
3;3;0;1;-0.0744401534322704
3;3;0;2;0.0384855659406552
3;3;0;3;-0.2120929192617224
3;3;1;0;-0.0744401534322704
3;3;1;1;0.1776175942047952
3;3;1;2;-0.0918283119903650
3;3;1;3;0.5060633586873848
3;3;2;0;0.0384855659406552
3;3;2;1;-0.0918283119903650
3;3;2;2;0.0474752454606334
3;3;2;3;-0.2616348014198170
3;3;3;0;-0.2120929192617224
3;3;3;1;0.5060633586873848
3;3;3;2;-0.2616348014198170
3;3;3;3;1.4418623568939364
