0;0;0;0;4.0000000000000000
0;0;0;1;0.0000000000000000
0;0;0;2;0.0000000000000000
0;0;0;3;0.0000000000000000
0;0;1;0;0.0000000000000000
0;0;1;1;0.0000000000000000
0;0;1;2;0.0000000000000000
0;0;1;3;0.0000000000000000
0;0;2;0;0.0000000000000000
0;0;2;1;0.0000000000000000
0;0;2;2;0.0000000000000000
0;0;2;3;0.0000000000000000
0;0;3;0;0.0000000000000000
0;0;3;1;0.0000000000000000
0;0;3;2;0.0000000000000000
0;0;3;3;0.0000000000000000
0;1;0;0;0.0000000000000000
0;1;0;1;0.0000000000000000
0;1;0;2;0.0000000000000000
0;1;0;3;0.0000000000000000
0;1;1;0;0.0000000000000000
0;1;1;1;0.0000000000000000
0;1;1;2;0.0000000000000000
0;1;1;3;0.0000000000000000
0;1;2;0;0.0000000000000000
0;1;2;1;0.0000000000000000
0;1;2;2;0.0000000000000000
0;1;2;3;0.0000000000000000
0;1;3;0;0.0000000000000000
0;1;3;1;0.0000000000000000
0;1;3;2;0.0000000000000000
0;1;3;3;0.0000000000000000
0;2;0;0;0.0000000000000000
0;2;0;1;0.0000000000000000
0;2;0;2;0.0000000000000000
0;2;0;3;0.0000000000000000
0;2;1;0;0.0000000000000000
0;2;1;1;0.0000000000000000
0;2;1;2;0.0000000000000000
0;2;1;3;0.0000000000000000
0;2;2;0;0.0000000000000000
0;2;2;1;0.0000000000000000
0;2;2;2;0.0000000000000000
0;2;2;3;0.0000000000000000
0;2;3;0;0.0000000000000000
0;2;3;1;0.0000000000000000
0;2;3;2;0.0000000000000000
0;2;3;3;0.0000000000000000
0;3;0;0;0.0000000000000000
0;3;0;1;0.0000000000000000
0;3;0;2;0.0000000000000000
0;3;0;3;0.0000000000000000
0;3;1;0;0.0000000000000000
0;3;1;1;0.0000000000000000
0;3;1;2;0.0000000000000000
0;3;1;3;0.0000000000000000
0;3;2;0;0.0000000000000000
0;3;2;1;0.0000000000000000
0;3;2;2;0.0000000000000000
0;3;2;3;0.0000000000000000
0;3;3;0;0.0000000000000000
0;3;3;1;0.0000000000000000
0;3;3;2;0.0000000000000000
0;3;3;3;0.0000000000000000
1;0;0;0;0.0000000000000000
1;0;0;1;0.0000000000000000
1;0;0;2;0.0000000000000000
1;0;0;3;0.0000000000000000
1;0;1;0;0.0000000000000000
1;0;1;1;0.0000000000000000
1;0;1;2;0.0000000000000000
1;0;1;3;0.0000000000000000
1;0;2;0;0.0000000000000000
1;0;2;1;0.0000000000000000
1;0;2;2;0.0000000000000000
1;0;2;3;0.0000000000000000
1;0;3;0;0.0000000000000000
1;0;3;1;0.0000000000000000
1;0;3;2;0.0000000000000000
1;0;3;3;0.0000000000000000
1;1;0;0;0.0000000000000000
1;1;0;1;0.0000000000000000
1;1;0;2;0.0000000000000000
1;1;0;3;0.0000000000000000
1;1;1;0;0.0000000000000000
1;1;1;1;4.0000000000000000
1;1;1;2;0.0000000000000000
1;1;1;3;0.0000000000000000
1;1;2;0;0.0000000000000000
1;1;2;1;0.0000000000000000
1;1;2;2;0.0000000000000000
1;1;2;3;0.0000000000000000
1;1;3;0;0.0000000000000000
1;1;3;1;0.0000000000000000
1;1;3;2;0.0000000000000000
1;1;3;3;0.0000000000000000
1;2;0;0;0.0000000000000000
1;2;0;1;0.0000000000000000
1;2;0;2;0.0000000000000000
1;2;0;3;0.0000000000000000
1;2;1;0;0.0000000000000000
1;2;1;1;0.0000000000000000
1;2;1;2;0.0000000000000000
1;2;1;3;0.0000000000000000
1;2;2;0;0.0000000000000000
1;2;2;1;0.0000000000000000
1;2;2;2;0.0000000000000000
1;2;2;3;0.0000000000000000
1;2;3;0;0.0000000000000000
1;2;3;1;0.0000000000000000
1;2;3;2;0.0000000000000000
1;2;3;3;0.0000000000000000
1;3;0;0;0.0000000000000000
1;3;0;1;0.0000000000000000
1;3;0;2;0.0000000000000000
1;3;0;3;0.0000000000000000
1;3;1;0;0.0000000000000000
1;3;1;1;0.0000000000000000
1;3;1;2;0.0000000000000000
1;3;1;3;0.0000000000000000
1;3;2;0;0.0000000000000000
1;3;2;1;0.0000000000000000
1;3;2;2;0.0000000000000000
1;3;2;3;0.0000000000000000
1;3;3;0;0.0000000000000000
1;3;3;1;0.0000000000000000
1;3;3;2;0.0000000000000000
1;3;3;3;0.0000000000000000
2;0;0;0;0.0000000000000000
2;0;0;1;0.0000000000000000
2;0;0;2;0.0000000000000000
2;0;0;3;0.0000000000000000
2;0;1;0;0.0000000000000000
2;0;1;1;0.0000000000000000
2;0;1;2;0.0000000000000000
2;0;1;3;0.0000000000000000
2;0;2;0;0.0000000000000000
2;0;2;1;0.0000000000000000
2;0;2;2;0.0000000000000000
2;0;2;3;0.0000000000000000
2;0;3;0;0.0000000000000000
2;0;3;1;0.0000000000000000
2;0;3;2;0.0000000000000000
2;0;3;3;0.0000000000000000
2;1;0;0;0.0000000000000000
2;1;0;1;0.0000000000000000
2;1;0;2;0.0000000000000000
2;1;0;3;0.0000000000000000
2;1;1;0;0.0000000000000000
2;1;1;1;0.0000000000000000
2;1;1;2;0.0000000000000000
2;1;1;3;0.0000000000000000
2;1;2;0;0.0000000000000000
2;1;2;1;0.0000000000000000
2;1;2;2;0.0000000000000000
2;1;2;3;0.0000000000000000
2;1;3;0;0.0000000000000000
2;1;3;1;0.0000000000000000
2;1;3;2;0.0000000000000000
2;1;3;3;0.0000000000000000
2;2;0;0;0.0000000000000000
2;2;0;1;0.0000000000000000
2;2;0;2;0.0000000000000000
2;2;0;3;0.0000000000000000
2;2;1;0;0.0000000000000000
2;2;1;1;0.0000000000000000
2;2;1;2;0.0000000000000000
2;2;1;3;0.0000000000000000
2;2;2;0;0.0000000000000000
2;2;2;1;0.0000000000000000
2;2;2;2;1.1738921591554980
2;2;2;3;0.0000000000006840
2;2;3;0;0.0000000000000000
2;2;3;1;0.0000000000000000
2;2;3;2;0.0000000000006840
2;2;3;3;1.1738921591556886
2;3;0;0;0.0000000000000000
2;3;0;1;0.0000000000000000
2;3;0;2;0.0000000000000000
2;3;0;3;0.0000000000000000
2;3;1;0;0.0000000000000000
2;3;1;1;0.0000000000000000
2;3;1;2;0.0000000000000000
2;3;1;3;0.0000000000000000
2;3;2;0;0.0000000000000000
2;3;2;1;0.0000000000000000
2;3;2;2;0.0000000000006840
2;3;2;3;1.1738921591556886
2;3;3;0;0.0000000000000000
2;3;3;1;0.0000000000000000
2;3;3;2;1.1738921591556886
2;3;3;3;-0.0000000000000914
3;0;0;0;0.0000000000000000
3;0;0;1;0.0000000000000000
3;0;0;2;0.0000000000000000
3;0;0;3;0.0000000000000000
3;0;1;0;0.0000000000000000
3;0;1;1;0.0000000000000000
3;0;1;2;0.0000000000000000
3;0;1;3;0.0000000000000000
3;0;2;0;0.0000000000000000
3;0;2;1;0.0000000000000000
3;0;2;2;0.0000000000000000
3;0;2;3;0.0000000000000000
3;0;3;0;0.0000000000000000
3;0;3;1;0.0000000000000000
3;0;3;2;0.0000000000000000
3;0;3;3;0.0000000000000000
3;1;0;0;0.0000000000000000
3;1;0;1;0.0000000000000000
3;1;0;2;0.0000000000000000
3;1;0;3;0.0000000000000000
3;1;1;0;0.0000000000000000
3;1;1;1;0.0000000000000000
3;1;1;2;0.0000000000000000
3;1;1;3;0.0000000000000000
3;1;2;0;0.0000000000000000
3;1;2;1;0.0000000000000000
3;1;2;2;0.0000000000000000
3;1;2;3;0.0000000000000000
3;1;3;0;0.0000000000000000
3;1;3;1;0.0000000000000000
3;1;3;2;0.0000000000000000
3;1;3;3;0.0000000000000000
3;2;0;0;0.0000000000000000
3;2;0;1;0.0000000000000000
3;2;0;2;0.0000000000000000
3;2;0;3;0.0000000000000000
3;2;1;0;0.0000000000000000
3;2;1;1;0.0000000000000000
3;2;1;2;0.0000000000000000
3;2;1;3;0.0000000000000000
3;2;2;0;0.0000000000000000
3;2;2;1;0.0000000000000000
3;2;2;2;0.0000000000006840
3;2;2;3;1.1738921591556886
3;2;3;0;0.0000000000000000
3;2;3;1;0.0000000000000000
3;2;3;2;1.1738921591556886
3;2;3;3;-0.0000000000000914
3;3;0;0;0.0000000000000000
3;3;0;1;0.0000000000000000
3;3;0;2;0.0000000000000000
3;3;0;3;0.0000000000000000
3;3;1;0;0.0000000000000000
3;3;1;1;0.0000000000000000
3;3;1;2;0.0000000000000000
3;3;1;3;0.0000000000000000
3;3;2;0;0.0000000000000000
3;3;2;1;0.0000000000000000
3;3;2;2;1.1738921591556886
3;3;2;3;-0.0000000000000914
3;3;3;0;0.0000000000000000
3;3;3;1;0.0000000000000000
3;3;3;2;-0.0000000000000914
3;3;3;3;1.1738921591558791
