0;0;0;0;0.2499999999999501
0;0;0;1;0.1633203706095222
0;0;0;2;0.1338403088459700
0;0;0;3;-0.1338403088459199
0;0;1;0;0.1633203706095222
0;0;1;1;0.1066941738241480
0;0;1;2;0.0874353953728843
0;0;1;3;-0.0874353953728516
0;0;2;0;0.1338403088459700
0;0;2;1;0.0874353953728843
0;0;2;2;0.0716529130879528
0;0;2;3;-0.0716529130879260
0;0;3;0;-0.1338403088459199
0;0;3;1;-0.0874353953728516
0;0;3;2;-0.0716529130879260
0;0;3;3;0.0716529130878992
0;1;0;0;0.1633203706095222
0;1;0;1;0.3933058261758691
0;1;0;2;0.1802452223189448
0;1;0;3;0.3551160130648023
0;1;1;0;-0.0366116523517126
0;1;1;1;0.1633203706095604
0;1;1;2;0.0410304818996950
0;1;1;3;0.3087110995917269
0;1;2;0;0.0410304818998541
0;1;2;1;0.1802452223191544
0;1;2;2;0.0716529130879231
0;1;2;3;0.2149587392638077
0;1;3;0;-0.3087110995916786
0;1;3;1;-0.3551160130647902
0;1;3;2;-0.2149587392637483
0;1;3;3;-0.0716529130879289
0;2;0;0;0.1338403088459700
0;2;0;1;0.1802452223189448
0;2;0;2;0.1017063456929442
0;2;0;3;0.0716529130877324
0;2;1;0;0.0410304818998541
0;2;1;1;0.0874353953728482
0;2;1;2;0.0415994804828521
0;2;1;3;0.0716529130877699
0;2;2;0;0.0566261967854571
0;2;2;1;0.0866796293904586
0;2;2;2;0.0464049134730966
0;2;2;3;0.0464049134729757
0;2;3;0;-0.1433058261757552
0;2;3;1;-0.1433058261757294
0;2;3;2;-0.0928098269461067
0;2;3;3;0.0000000000000518
0;3;0;0;-0.1338403088459199
0;3;0;1;0.3551160130648023
0;3;0;2;0.0716529130877324
0;3;0;3;0.7549878281310876
0;3;1;0;-0.3087110995916786
0;3;1;1;0.0874353953728878
0;3;1;2;-0.0716529130880821
0;3;1;3;0.6116820019552967
0;3;2;0;-0.1433058261757552
0;3;2;1;0.1433058261759746
0;3;2;2;-0.0000000000000518
0;3;2;3;0.4425514084376793
0;3;3;0;-0.2700145444336950
0;3;3;1;-0.4133203706095416
0;3;3;2;-0.2212757042187619
0;3;3;3;-0.2212757042187828
1;0;0;0;0.1633203706095222
1;0;0;1;-0.0366116523517126
1;0;0;2;0.0410304818998541
1;0;0;3;-0.3087110995916786
1;0;1;0;0.3933058261758691
1;0;1;1;0.1633203706095604
1;0;1;2;0.1802452223191544
1;0;1;3;-0.3551160130647902
1;0;2;0;0.1802452223189448
1;0;2;1;0.0410304818996950
1;0;2;2;0.0716529130879231
1;0;2;3;-0.2149587392637483
1;0;3;0;0.3551160130648023
1;0;3;1;0.3087110995917269
1;0;3;2;0.2149587392638077
1;0;3;3;-0.0716529130879289
1;1;0;0;0.1066941738241480
1;1;0;1;0.1633203706095604
1;1;0;2;0.0874353953728482
1;1;0;3;0.0874353953728878
1;1;1;0;0.1633203706095604
1;1;1;1;0.2500000000000671
1;1;1;2;0.1338403088459459
1;1;1;3;0.1338403088460066
1;1;2;0;0.0874353953728482
1;1;2;1;0.1338403088459459
1;1;2;2;0.0716529130878935
1;1;2;3;0.0716529130879260
1;1;3;0;0.0874353953728878
1;1;3;1;0.1338403088460066
1;1;3;2;0.0716529130879260
1;1;3;3;0.0716529130879586
1;2;0;0;0.0874353953728843
1;2;0;1;0.0410304818996950
1;2;0;2;0.0415994804828521
1;2;0;3;-0.0716529130880821
1;2;1;0;0.1802452223191544
1;2;1;1;0.1338403088459459
1;2;1;2;0.1017063456930441
1;2;1;3;-0.0716529130881196
1;2;2;0;0.0866796293904586
1;2;2;1;0.0566261967853182
1;2;2;2;0.0464049134730774
1;2;2;3;-0.0464049134732021
1;2;3;0;0.1433058261759746
1;2;3;1;0.1433058261759488
1;2;3;2;0.0928098269462488
1;2;3;3;-0.0000000000000518
1;3;0;0;-0.0874353953728516
1;3;0;1;0.3087110995917269
1;3;0;2;0.0716529130877699
1;3;0;3;0.6116820019552967
1;3;1;0;-0.3551160130647902
1;3;1;1;0.1338403088460066
1;3;1;2;-0.0716529130881196
1;3;1;3;0.7549878281312216
1;3;2;0;-0.1433058261757294
1;3;2;1;0.1433058261759488
1;3;2;2;-0.0000000000000518
1;3;2;3;0.4425514084375998
1;3;3;0;-0.4133203706095416
1;3;3;1;-0.2700145444336729
1;3;3;2;-0.2212757042188776
1;3;3;3;0.2212757042188745
2;0;0;0;0.1338403088459700
2;0;0;1;0.0410304818998541
2;0;0;2;0.0566261967854571
2;0;0;3;-0.1433058261757552
2;0;1;0;0.1802452223189448
2;0;1;1;0.0874353953728482
2;0;1;2;0.0866796293904586
2;0;1;3;-0.1433058261757294
2;0;2;0;0.1017063456929442
2;0;2;1;0.0415994804828521
2;0;2;2;0.0464049134730966
2;0;2;3;-0.0928098269461067
2;0;3;0;0.0716529130877324
2;0;3;1;0.0716529130877699
2;0;3;2;0.0464049134729757
2;0;3;3;0.0000000000000518
2;1;0;0;0.0874353953728843
2;1;0;1;0.1802452223191544
2;1;0;2;0.0866796293904586
2;1;0;3;0.1433058261759746
2;1;1;0;0.0410304818996950
2;1;1;1;0.1338403088459459
2;1;1;2;0.0566261967853182
2;1;1;3;0.1433058261759488
2;1;2;0;0.0415994804828521
2;1;2;1;0.1017063456930441
2;1;2;2;0.0464049134730774
2;1;2;3;0.0928098269462488
2;1;3;0;-0.0716529130880821
2;1;3;1;-0.0716529130881196
2;1;3;2;-0.0464049134732021
2;1;3;3;-0.0000000000000518
2;2;0;0;0.0716529130879528
2;2;0;1;0.0716529130879231
2;2;0;2;0.0464049134730966
2;2;0;3;-0.0000000000000518
2;2;1;0;0.0716529130879231
2;2;1;1;0.0716529130878935
2;2;1;2;0.0464049134730774
2;2;1;3;-0.0000000000000518
2;2;2;0;0.0464049134730966
2;2;2;1;0.0464049134730774
2;2;2;2;0.0300534326050680
2;2;2;3;-0.0000000000000336
2;2;3;0;-0.0000000000000518
2;2;3;1;-0.0000000000000518
2;2;3;2;-0.0000000000000336
2;2;3;3;0.0000000000000000
2;3;0;0;-0.0716529130879260
2;3;0;1;0.2149587392638077
2;3;0;2;0.0464049134729757
2;3;0;3;0.4425514084376793
2;3;1;0;-0.2149587392637483
2;3;1;1;0.0716529130879260
2;3;1;2;-0.0464049134732021
2;3;1;3;0.4425514084375998
2;3;2;0;-0.0928098269461067
2;3;2;1;0.0928098269462488
2;3;2;2;-0.0000000000000336
2;3;2;3;0.2866116523516869
2;3;3;0;-0.2212757042187619
2;3;3;1;-0.2212757042188776
2;3;3;2;-0.1433058261758434
2;3;3;3;-0.0000000000001600
3;0;0;0;-0.1338403088459199
3;0;0;1;-0.3087110995916786
3;0;0;2;-0.1433058261757552
3;0;0;3;-0.2700145444336950
3;0;1;0;0.3551160130648023
3;0;1;1;0.0874353953728878
3;0;1;2;0.1433058261759746
3;0;1;3;-0.4133203706095416
3;0;2;0;0.0716529130877324
3;0;2;1;-0.0716529130880821
3;0;2;2;-0.0000000000000518
3;0;2;3;-0.2212757042187619
3;0;3;0;0.7549878281310876
3;0;3;1;0.6116820019552967
3;0;3;2;0.4425514084376793
3;0;3;3;-0.2212757042187828
3;1;0;0;-0.0874353953728516
3;1;0;1;-0.3551160130647902
3;1;0;2;-0.1433058261757294
3;1;0;3;-0.4133203706095416
3;1;1;0;0.3087110995917269
3;1;1;1;0.1338403088460066
3;1;1;2;0.1433058261759488
3;1;1;3;-0.2700145444336729
3;1;2;0;0.0716529130877699
3;1;2;1;-0.0716529130881196
3;1;2;2;-0.0000000000000518
3;1;2;3;-0.2212757042188776
3;1;3;0;0.6116820019552967
3;1;3;1;0.7549878281312216
3;1;3;2;0.4425514084375998
3;1;3;3;0.2212757042188745
3;2;0;0;-0.0716529130879260
3;2;0;1;-0.2149587392637483
3;2;0;2;-0.0928098269461067
3;2;0;3;-0.2212757042187619
3;2;1;0;0.2149587392638077
3;2;1;1;0.0716529130879260
3;2;1;2;0.0928098269462488
3;2;1;3;-0.2212757042188776
3;2;2;0;0.0464049134729757
3;2;2;1;-0.0464049134732021
3;2;2;2;-0.0000000000000336
3;2;2;3;-0.1433058261758434
3;2;3;0;0.4425514084376793
3;2;3;1;0.4425514084375998
3;2;3;2;0.2866116523516869
3;2;3;3;-0.0000000000001600
3;3;0;0;0.0716529130878992
3;3;0;1;-0.0716529130879289
3;3;0;2;0.0000000000000518
3;3;0;3;-0.2212757042187828
3;3;1;0;-0.0716529130879289
3;3;1;1;0.0716529130879586
3;3;1;2;-0.0000000000000518
3;3;1;3;0.2212757042188745
3;3;2;0;0.0000000000000518
3;3;2;1;-0.0000000000000518
3;3;2;2;0.0000000000000000
3;3;2;3;-0.0000000000001600
3;3;3;0;-0.2212757042187828
3;3;3;1;0.2212757042188745
3;3;3;2;-0.0000000000001600
3;3;3;3;0.6833349150432121
